1 3
4 0
24 0
18 0
32 0
55 0
12 0
14 0
58 0
7 0
36 0
52 0
17 0
25 0
27 0
0 0
42 3
246 3
159 1
151 3
208 2
231 3
114 0
115 0
225 3
175 0
148 0
70 2
235 0
133 0
120 0
44 1
15 3
162 3
119 2
134 2
147 2
187 1
61 1
84 3
141 2
171 3
255 1
227 0
154 2
223 0
113 2
9 1
26 3
71 3
131 0
98 1
63 3
77 3
62 0
110 3
142 0
149 1
146 1
83 1
66 3
90 1
105 0
21 1
28 3
136 3
247 2
214 1
78 0
210 2
100 0
121 3
108 2
91 2
211 2
118 1
103 3
250 1
128 1
5 1
35 3
206 1
204 0
220 1
216 3
117 2
203 2
153 1
145 1
81 0
218 0
186 1
202 3
251 0
86 2
23 1
40 3
209 0
233 2
163 3
107 1
101 3
185 0
192 1
144 2
68 3
219 2
89 0
232 0
241 3
92 0
50 1
29 3
152 2
168 2
253 1
88 2
205 1
199 3
234 3
156 0
169 1
137 1
178 1
140 2
143 1
150 3
54 1
59 3
160 0
177 0
158 1
60 0
95 3
215 0
237 2
245 1
183 1
126 1
124 3
155 0
164 0
132 3
16 1
33 3
212 0
217 1
112 2
180 0
207 0
116 2
96 1
87 1
67 3
249 2
221 1
188 3
69 2
189 2
39 1
47 3
229 1
224 2
125 0
167 2
80 2
129 0
201 2
181 1
139 2
236 1
99 2
240 0
97 0
197 2
46 1
45 3
198 1
184 3
127 1
106 3
76 0
238 3
195 0
193 2
138 0
174 3
72 0
226 3
173 1
165 3
53 1
37 3
190 0
109 1
102 2
182 1
122 1
135 3
254 1
191 0
248 3
93 1
74 3
230 2
73 1
94 3
22 1
49 3
111 3
239 2
104 0
65 2
161 1
157 3
243 3
123 1
130 3
85 2
213 2
196 2
228 0
176 2
19 1
8 3
82 1
75 3
244 3
64 0
179 3
79 2
200 1
170 2
252 1
222 1
166 2
194 0
242 0
172 0
30 1
3 2
20 2
43 2
31 2
34 2
57 2
48 2
56 2
6 2
11 2
38 2
51 2
13 2
41 2
10 2
2 1