2 1
9 2
27 2
46 2
23 2
21 2
32 2
13 2
42 2
8 2
36 2
29 2
3 2
16 1
135 1
139 2
98 3
100 1
168 0
165 0
65 3
68 0
153 3
61 2
145 1
12 3
38 1
99 1
121 3
103 0
148 2
115 0
127 1
142 1
71 2
166 0
167 0
120 3
4 3
40 1
92 3
81 0
133 3
94 3
82 1
80 3
64 1
116 2
144 1
54 3
76 1
28 3
34 1
163 0
89 2
62 0
72 0
77 0
106 3
126 2
143 2
114 3
53 0
136 3
33 3
44 1
161 2
97 3
49 2
50 1
48 1
88 1
140 2
102 3
95 1
74 2
130 3
17 3
30 1
93 0
118 0
110 2
156 2
125 2
108 0
151 0
157 3
117 3
56 3
70 1
35 3
22 1
83 2
122 2
109 2
124 3
84 0
96 3
87 1
132 3
134 1
160 2
73 0
37 3
10 1
111 2
90 0
59 3
58 1
85 2
60 0
152 1
158 2
79 0
155 0
119 3
26 3
39 1
67 3
91 2
146 2
57 3
55 1
104 1
129 3
138 1
69 2
128 0
147 1
6 3
19 1
159 0
78 0
154 2
141 2
86 3
51 0
123 3
137 1
107 0
75 0
164 1
5 3
24 1
131 3
52 2
112 3
113 1
150 0
66 2
149 2
101 0
105 0
63 2
162 1
20 3
0 0
7 0
47 0
41 0
31 0
11 0
25 0
43 0
15 0
18 0
14 0
45 0
1 3