2 1
31 2
35 2
34 2
16 2
26 2
6 2
23 2
10 2
28 2
3 2
18 1
46 2
94 1
106 2
112 3
95 2
105 3
76 2
114 1
119 3
9 3
21 1
93 2
103 1
120 1
77 3
68 1
55 0
78 3
43 0
83 3
25 3
4 1
48 1
69 0
79 3
118 1
88 3
62 2
102 3
60 2
89 2
36 3
33 1
44 0
66 2
81 1
65 0
73 1
101 0
111 0
97 0
117 2
37 3
32 1
42 2
70 1
61 0
47 2
45 0
86 1
56 0
72 1
90 0
19 3
8 1
98 2
107 0
52 2
100 0
54 2
58 3
41 0
110 2
84 2
13 3
7 1
50 0
113 2
53 2
104 2
49 3
57 1
63 2
115 3
116 1
12 3
17 1
51 2
108 3
67 2
82 2
87 1
91 0
74 2
64 0
96 0
38 3
5 1
80 1
109 1
99 1
75 0
92 3
85 1
59 3
40 0
71 1
15 3
0 0
27 0
30 0
20 0
24 0
39 0
29 0
11 0
22 0
14 0
1 3