0 1
19 2
26 2
12 2
7 2
28 2
35 2
31 2
42 2
39 2
23 2
1 2
9 1
76 3
81 1
49 3
58 1
83 1
75 2
117 1
138 3
60 0
129 2
43 3
36 1
74 1
113 3
88 2
57 3
121 3
123 1
61 3
70 1
48 0
119 3
37 3
38 1
116 2
82 1
133 2
132 2
125 2
135 3
78 0
140 2
64 2
136 3
6 3
22 1
131 2
122 2
137 1
127 0
115 3
118 1
62 3
72 1
110 3
112 0
40 3
24 1
86 3
79 1
108 3
91 3
84 1
71 0
134 0
141 2
100 0
120 2
34 3
17 1
94 0
67 0
90 0
98 0
109 0
45 2
44 0
63 3
52 1
105 1
18 3
33 1
53 1
69 2
89 0
56 0
92 0
93 3
59 2
102 3
66 3
47 0
20 3
21 1
143 0
104 2
80 2
51 2
65 2
139 0
96 3
107 1
106 0
46 2
13 3
27 1
99 0
114 0
55 3
68 1
130 3
124 1
87 0
111 1
97 2
95 0
15 3
30 1
142 0
50 3
103 2
85 0
126 3
77 3
73 1
54 0
128 1
101 2
11 3
2 0
29 0
14 0
8 0
25 0
10 0
5 0
16 0
4 0
32 0
41 0
3 3