1 1
7 2
6 2
25 2
27 2
38 2
19 2
4 2
8 2
29 2
0 2
21 1
95 1
107 0
79 0
70 3
49 3
60 1
45 2
67 0
80 3
23 3
32 1
73 1
56 0
66 1
85 1
55 3
61 1
64 3
42 1
109 3
36 3
5 1
68 1
59 2
57 0
89 3
83 0
97 2
114 1
77 2
99 0
37 3
10 1
96 2
48 3
41 1
50 1
81 0
112 0
102 1
101 3
71 0
15 3
28 1
90 3
88 1
104 0
117 2
72 2
86 0
52 2
119 0
43 3
22 3
11 1
78 1
105 2
103 2
84 3
44 0
82 0
46 2
100 1
47 3
31 3
30 1
54 2
118 0
58 0
108 2
116 1
91 2
94 2
113 1
93 2
34 3
16 1
75 0
65 3
40 0
76 1
92 0
110 1
115 2
111 3
87 0
35 3
39 1
74 2
98 0
51 2
106 2
62 3
63 1
53 3
120 0
69 3
24 3
2 0
18 0
14 0
20 0
26 0
12 0
13 0
17 0
9 0
33 0
3 3
